$ 1 0.000005 0.05352614285189903 47 5 50 5e-11
f 928 944 992 944 32 1.5 0.02
g 992 960 992 1008 0 2
R 992 864 992 816 0 0 40 10 0 0 0.5
r 992 928 992 864 0 1000
w 992 928 1024 928 0
s 848 944 928 944 0 0 false
R 848 944 784 944 0 0 40 10 0 0 0.5
g 1088 928 1120 928 0 2
162 1024 928 1088 928 2 default-led 1 0 0 0.01
162 624 944 688 944 2 default-led 1 0 0 0.01
g 688 944 720 944 0 2
R 480 944 416 944 0 0 40 10 0 0 0.5
s 480 944 560 944 0 0 false
R 624 896 624 848 0 0 40 10 0 0 0.5
g 624 992 624 1040 0 2
f 560 976 624 976 32 1.5 0.02
f 560 912 624 912 33 1.5 0.02
w 560 912 560 944 0
w 560 976 560 944 0
w 624 928 624 944 0
w 624 960 624 944 0
