$ 1 0.000005 0.05352614285189903 47 5 50 5e-11
f 1376 1248 1440 1248 32 1.5 0.02
f 1568 1248 1504 1248 32 1.5 0.02
w 1440 1264 1472 1264 0
w 1472 1264 1504 1264 0
w 1472 1264 1472 1312 0
w 1440 1232 1472 1232 0
w 1472 1232 1472 1200 0
w 1472 1232 1504 1232 0
s 1312 1248 1376 1248 0 0 false
s 1568 1248 1632 1248 0 1 false
R 1312 1248 1248 1248 0 0 40 5 0 0 0.5
R 1632 1248 1696 1248 0 0 40 5 0 0 0.5
r 1472 1136 1472 1200 0 10000
R 1472 1136 1472 1104 0 0 40 5 0 0 0.5
g 1472 1312 1472 1360 0 2
w 1472 1200 1744 1200 0
f 1744 1264 1808 1264 32 1.5 0.02
f 1744 1200 1808 1200 33 1.5 0.02
w 1744 1200 1744 1264 0
g 1808 1280 1808 1312 0 2
w 1472 1136 1808 1136 0
w 1808 1136 1808 1184 0
g 1904 1232 1952 1232 0 2
162 1808 1232 1904 1232 2 default-led 1 0 0 0.01
w 1808 1216 1808 1232 0
w 1808 1248 1808 1232 0
