$ 1 0.000005 0.05352614285189903 47 5 50 5e-11
162 752 1280 816 1280 2 default-led 1 0 0 0.01
g 816 1280 848 1280 0 2
f 688 1312 752 1312 32 1.5 0.02
f 688 1248 752 1248 33 1.5 0.02
w 688 1248 688 1280 0
w 688 1312 688 1280 0
w 752 1264 752 1280 0
w 752 1296 752 1280 0
f 496 1296 592 1296 32 1.5 0.02
f 496 1392 592 1392 32 1.5 0.02
R 592 1168 592 1120 0 0 40 5 0 0 0.5
r 592 1200 592 1280 0 1000
s 416 1392 496 1392 0 0 false
s 416 1296 496 1296 0 0 false
w 416 1200 416 1296 0
w 416 1296 416 1392 0
w 592 1312 592 1344 0
w 592 1376 592 1344 0
g 592 1408 592 1456 0 2
w 592 1280 688 1280 0
w 416 1200 592 1200 0
w 592 1168 592 1200 0
w 592 1200 752 1200 0
w 752 1232 752 1200 0
w 752 1328 752 1408 0
w 592 1408 752 1408 0
