$ 1 0.000005 10.20027730826997 50 5 50 5e-11
150 240 128 352 128 0 2 5 5
150 240 192 352 192 0 2 5 5
150 240 320 352 320 0 2 5 5
150 240 256 352 256 0 2 5 5
150 240 448 352 448 0 2 5 5
150 240 384 352 384 0 2 5 5
150 384 160 496 160 0 2 5 5
150 384 288 496 288 0 2 5 5
150 384 416 496 416 0 2 5 5
I 176 144 240 144 0 0.5 5
I 176 176 240 176 0 0.5 5
I 176 208 240 208 0 0.5 5
I 176 240 240 240 0 0.5 5
I 176 368 240 368 0 0.5 5
I 176 272 240 272 0 0.5 5
I 176 304 240 304 0 0.5 5
150 528 224 640 224 0 2 5 5
150 528 352 640 352 0 2 5 5
150 656 288 768 288 0 2 5 5
w 352 128 384 128 0
w 384 128 384 144 0
w 352 192 384 192 0
w 384 192 384 176 0
w 352 256 384 256 0
w 384 256 384 272 0
w 352 320 384 320 0
w 384 320 384 304 0
w 352 384 384 384 0
w 384 384 384 400 0
w 352 448 384 448 0
w 384 448 384 432 0
w 496 160 528 160 0
w 528 160 528 208 0
w 496 288 528 288 0
w 528 288 528 240 0
w 496 416 528 416 0
w 528 416 528 368 0
w 528 336 528 368 0
w 640 224 656 224 0
w 656 224 656 272 0
w 640 352 656 352 0
w 656 352 656 304 0
L 240 112 144 112 0 1 false 5 0
L 176 144 144 144 0 0 false 5 0
L 176 176 144 176 0 0 false 5 0
L 176 208 144 208 0 0 false 5 0
L 176 240 144 240 0 0 false 5 0
L 176 304 144 304 0 0 false 5 0
L 240 336 144 336 0 1 false 5 0
L 176 368 144 368 0 0 false 5 0
L 240 400 144 400 0 1 false 5 0
L 176 272 144 272 0 0 false 5 0
M 768 288 800 288 0 2.5
L 240 432 144 432 0 1 false 5 0
w 240 464 240 432 0
